b'2078 438289   37.353885801 -122.333754888    84.0829   2   5   3.3484   2.7229   7.7029  -1.5361   2.0385  -3.5709   1.01    0.0\n'
b'2078 438290   37.353892786 -122.333753439    83.6399   2   5   2.5496   2.0323   5.8170  -1.1432   1.4909  -2.6931   0.01    0.0\n'
b'2078 438291   37.353896749 -122.333752279    83.3872   2   5   2.1390   1.6919   4.8640  -0.9503   1.2306  -2.2503   1.01    0.0\n'
b'2078 438292   37.353900752 -122.333750318    83.0229   2   5   1.8788   1.4801   4.2664  -0.8306   1.0720  -1.9729   1.01    0.0\n'
b'2078 438293   37.353904638 -122.333748943    82.8580   2   5   1.6944   1.3319   3.8453  -0.7466   0.9619  -1.7772   0.01    0.0\n'
b'2078 438294   37.353907482 -122.333747929    82.6390   2   5   1.5549   1.2208   3.5280  -0.6835   0.8798  -1.6296   0.01    0.0\n'
b'2078 438295   37.353913126 -122.333742687    82.6408   2   5   2.2894   2.0670   3.3291  -0.8384   0.8483  -1.5177   0.01    0.0\n'
b'2078 438296   37.353911052 -122.333744834    82.7333   2   5   1.5882   1.3507   3.0477  -0.6177   0.7678  -1.4036   0.01    0.0\n'
b'2078 438297   37.353909602 -122.333741117    83.3359   2  10   1.4151   1.1617   2.7894  -0.5245   0.6141  -1.3219   0.01    0.0\n'
b'2078 438298   37.353908830 -122.333740765    83.6894   2  10   1.3144   1.0648   2.6267  -0.4769   0.5542  -1.2526   0.01    0.0\n'
b'2078 438299   37.353905291 -122.333741207    84.5017   2  14   1.1387   0.9501   2.3955  -0.3868   0.4491  -1.0503   0.01    0.0\n'
b'2078 438300   37.353903335 -122.333742584    85.0055   2  14   1.0281   0.8710   2.2334  -0.3346   0.3872  -0.9299   0.01    0.0\n'
b'2078 438301   37.353902022 -122.333743704    85.4189   2  14   0.9433   0.8090   2.1018  -0.2967   0.3423  -0.8392   1.01    0.0\n'
b'2078 438302   37.353900622 -122.333744396    85.7672   2  14   0.8748   0.7586   1.9913  -0.2674   0.3079  -0.7672   0.01    0.0\n'
b'2078 438303   37.353899185 -122.333745066    85.9542   2  14   0.8178   0.7166   1.8963  -0.2439   0.2807  -0.7081   0.01    0.0\n'
b'2078 438304   37.353898136 -122.333745867    85.9592   2  14   0.7691   0.6809   1.8132  -0.2244   0.2586  -0.6584   0.01    0.0\n'
b'2078 438305   37.353897450 -122.333746530    85.9363   2  14   0.7266   0.6500   1.7395  -0.2078   0.2403  -0.6157   0.01    0.0\n'
b'2078 438306   37.353896646 -122.333746776    85.7970   2  14   0.6889   0.6229   1.6733  -0.1933   0.2248  -0.5783   0.01    0.0\n'
b'2078 438307   37.353895724 -122.333746605    85.6678   2  14   0.6550   0.5989   1.6132  -0.1805   0.2116  -0.5451   0.01    0.0\n'
b'2078 438308   37.353895349 -122.333746375    85.4264   2  14   0.6242   0.5775   1.5583  -0.1690   0.2002  -0.5153   0.01    0.0\n'
b'2078 438309   37.353894703 -122.333745942    85.1902   2  14   0.5962   0.5582   1.5080  -0.1586   0.1903  -0.4886   1.01    0.0\n'
b'2078 438310   37.353894279 -122.333745244    84.8714   2  14   0.5701   0.5406   1.4612  -0.1489   0.1816  -0.4639   0.01    0.0\n'
b'2078 438311   37.353893856 -122.333744629    84.5602   2  14   0.5459   0.5246   1.4177  -0.1399   0.1739  -0.4413   0.01    0.0\n'
b'2078 438312   37.353893948 -122.333744098    84.2398   2  14   0.5234   0.5100   1.3770  -0.1315   0.1671  -0.4204   0.01    0.0\n'
b'2078 438313   37.353893857 -122.333743655    83.9925   2  16   0.5003   0.4962   1.3387  -0.1227   0.1614  -0.4007   0.01    0.0\n'
b'2078 438314   37.353893916 -122.333743127    83.8333   2  16   0.4801   0.4836   1.3027  -0.1150   0.1562  -0.3829   0.01    0.0\n'
b'2078 438315   37.353893833 -122.333742533    83.7249   2  16   0.4611   0.4719   1.2686  -0.1078   0.1516  -0.3664   0.01    0.0\n'
b'2078 438316   37.353893912 -122.333741877    83.6311   2  16   0.4436   0.4610   1.2365  -0.1011   0.1476  -0.3511   1.01    0.0\n'
b'2078 438317   37.353893972 -122.333741448    83.6020   2  16   0.4268   0.4508   1.2057  -0.0945   0.1440  -0.3365   0.01    0.0\n'
b'2078 438318   37.353893790 -122.333740987    83.6227   2  16   0.4109   0.4412   1.1764  -0.0882   0.1408  -0.3227   0.01    0.0\n'
b'2078 438319   37.353893752 -122.333740560    83.6686   2  16   0.3959   0.4322   1.1484  -0.0821   0.1380  -0.3098   0.01    0.0\n'
b'2078 438320   37.353893565 -122.333740211    83.7683   2  16   0.3817   0.4237   1.1215  -0.0763   0.1355  -0.2976   0.01    0.0\n'
b'2078 438321   37.353893306 -122.333739821    83.8734   2  16   0.3683   0.4156   1.0958  -0.0706   0.1333  -0.2861   0.01    0.0\n'
b'2078 438322   37.353893344 -122.333739517    83.9385   2  16   0.3558   0.4081   1.0713  -0.0653   0.1313  -0.2754   1.01    0.0\n'
b'2078 438323   37.353893041 -122.333739016    84.0539   2  16   0.3436   0.4008   1.0474  -0.0599   0.1296  -0.2650   0.01    0.0\n'
b'2078 438324   37.353892699 -122.333738586    84.1993   2  16   0.3324   0.3940   1.0247  -0.0548   0.1280  -0.2554   1.01    0.0\n'
b'2078 438325   37.353892269 -122.333738106    84.3161   2  16   0.3213   0.3874   1.0025  -0.0494   0.1267  -0.2460   0.01    0.0\n'
b'2078 438326   37.353892232 -122.333737604    84.3446   2  16   0.3111   0.3812   0.9813  -0.0442   0.1255  -0.2373   1.01    0.0\n'
b'2078 438327   37.353892120 -122.333736979    84.4078   2  16   0.3011   0.3752   0.9606  -0.0387   0.1245  -0.2289   0.01    0.0\n'
b'2078 438328   37.353891873 -122.333736254    84.4515   2  16   0.2915   0.3695   0.9405  -0.0328   0.1236  -0.2209   0.01    0.0\n'
b'2078 438329   37.353891824 -122.333735622    84.4781   2  16   0.2824   0.3641   0.9212  -0.0265   0.1228  -0.2132   0.01    0.0\n'
b'2078 438330   37.353891764 -122.333735048    84.4662   2  16   0.2739   0.3589   0.9026  -0.0194   0.1221  -0.2061   1.01    0.0\n'
b'2078 438331   37.353891717 -122.333734411    84.3906   2  16   0.2656   0.3538   0.8843  -0.0081   0.1215  -0.1992   0.01    0.0\n'
b'2078 438332   37.353891818 -122.333733905    84.2906   2  16   0.2577   0.3490   0.8667   0.0147   0.1210  -0.1926   0.01    0.0\n'
b'2078 438333   37.353891984 -122.333733527    84.1784   2  16   0.2501   0.3443   0.8495   0.0217   0.1205  -0.1863   0.01    0.0\n'
